0000000000000000000000000001111111111111111111111000000000000011111111111100000000000000000000000000
0000000000000000000000000001111111111111111111100000000000000000110011111000000000000000000000000000
0000000000000000000000000001111111111111111111000000000000000000010001111000000000000000000000000000
0000000000000000000000000011111111111111111000000000000000000000010001111100000000000000000000000000
0000000000000000000000000111111111111111110000000000000000000000000000011100000000000000000000000000
0000000000000000000000000111111111111111000000000000000000000000000001111100000000000000000000000000
0000000000000000000000001111111111111100000000000000000000000000011111111110000000000000000000000000
0000000000000000000000001111111111111100000000000000000000000001111111111110000000000000000000000000
0000000000000000000000001111111111111000011111111111000000000001111111111110000000000000000000000000
0000000000000000000000011111111111110000110000001111000000000001111101001110000000000000000000000000
0000000000000000000000011111111111110000000111111101100000000000010000000111000000011111111111111111
0000000000000000000000111111111111110000001111111000000000000000000000000111111111111111111111111111
0000000000000000000001111111111111110000000000000000000000000000000000000111111111111111111111111111
0000000000000000000001111111111111110000000000000000000000000000000000000111111111111111111111111111
0000000000000000000011111111111111110000000000000000000000000000000000000111111111111111111111111111
0000000000000000000011111111111111111000000000000000000000000000000000001111111111111111111111111111
0000000000000000000011111111111111110000000000000000000000000000000000001111111111111111111111111111
0000000000000000000001111111111111110111000000000000000000000000000000011111111111111111111111111111
0000000000000000000001111111111111111111100000000000000000000000000000111111111111111111111111111111
0000000000000000000001111111111111111111110000000000000000000011000001111111111111111111111111111111
0000000000000000000000111111111111111111111000000000000000000000000011111111111111111111111111111111
0000000000000000000000011111111111111101111100000000000000000000000011111111111111111111111111111111
0000000000000000000000111111111111111111111110000000000000000000000001111111111111111111111111111111
0000000000000000000000111111111111111111111110000001100000000000000011111000000000000000111111000001
0000000000000000000000111111111111111111111111000011110000000100001111100000000000000000001110000000
0000000000000000000011111111111111111111111111100011000001111100011110000000000000000000000011000000
0000000000000000000111111111111111111111111111100011000111111000000000000000000000000000000001100000
0000000000000000000111111111111111111111111111100011111111111000000000000000000000000000000000010000
0000000000000000001111111111111111111111111111111111111011100000000000000000000000000000000000000000
0000000000000000001111110011111111100111111111100001001110000000000000000000000000000000000000000000
0000000000000000001111000011111110000000000000000001000000000000000000000000000000000000000000000010
0000000000000000011111111111110000000000000000000000000000000000000000000000000000000000000000000011
0000000000000000111111111100000000000000000000000000000000000000000000000000000000000000000000000011
0000000000000011011111100000000000000000000000000000000000000000000000000000000000000000000000000011
0000000000000110000000000000000000000000000000000000000000000000000000000000000000000000000000000011
0000000000111100000000000000000000000000000000000000000000000000000000000000000000000000000000000011
0000000001111000000000000000000000000000000000000000000000000000000000000000000000000000000000000000
0000000111110000000000000000000000000000000000000000000000000000000000000000000000000000000000000000
0000000111100000000000000000000000000000000000000000000000000000000000000000000000000000000000000000
0000000011100000000000000000000000000000000000000000000000000000000000000000000000000000000000000000
0000000010000000000000000000000000000000000000000000000000000000000000000000000000000000000000000000
0000000000000000000000000000000000000000000000000000000000000000000000000000000000000000000000000000
0000000000000000000000000000000000000000000000000000000000000000000000000000000000000000000000001111
0000000000000000000000001000000000000000000000000000000000000000000000000000000000000000000000001111
0001111000000000000000001000000000000000000000000000000000000000000000000000000000000000000000001111
1111110000000000000000001000000000000000000000000000000000000000000000000000000000000000000000011111
1111110000000000000000011100000000000000000000000000000000000000000000000000000000000000000000011111
1111100000000000000000011100000000000000000000000000000000000000000000000000000000000000000000011111
1100000000000000000000001110000000000000000000000000000000000000000000000000000000000000000000011111
0000000000000000000000001110000000000000000000000000000000000000000000000000000000000000000000111111
0000000000000000000000011110000000000000000000000000000000000000000000000000000000000000000000111111
0000000000000000000001111110000000000000000000000000000000000000000000000000000000000000000000111111
0000000000000000000111111100000000000000000000000000000000111111111111111000000000000000000000001100
0000000000000001111111111000100000000000000000000000000011111111111111111111111000000000000000000000
1111111111111111111111110001000000000000000000000000001111111111111111111111111110000000000000000000
1111111111111111111111110000000000000000000000000000011111111111111111111111111111100000000000000000
1111111111111111111111100110000000000000000000000001111111111111111111111111111111100000000000000000
1111111111111111111111001111000000000000000000000011111111111111111111011111111111110000000000000000
1111111111111111111110111111110000000000000000000111111111111111111111111111111111111000000000000000
1111111111111111111111111111110000000000000000001111111111111111111111111111111111111000000000000000
1111111111111111111111111111000000000000000000111111111111111111111111111111111111111000000000000000
1111111111111111111111111110000000000000000011111111111111111111111111111111111111111000000000000000
1111111011111111111111111111000000000000001111111111111111111111111111111111111111111000000000000000
1111011111111111111111111100000110000000001111111111111111111111111111111111111111111000000000000000
1100000000011111111111110000001100000000111111111111111111111111111111111111111111111000000000000000
0000000000000011111111000011000000000000111111111111111111110011111111111111111111111000000000000000
0000000001111011111111111111000000000111111111111111111111111111100111111111111111111000000000000000